$ANSIBLE_VAULT;1.1;AES256
66326265613932646139616135393333393364376234363765666334313639343531313839306164
3139653232336334343330616330656233396332393032310a396138356432353462366239366461
34356439623036316438616563356466656361303030616634366336633265383738656239633634
6230393035376665380a306435313535343561396132313766656264663333383263643130303633
65383866623563313634643465323230613631383864343534353964633638366631363234383037
35336664656232616436353734633264306535363431306431306462636339346235353062303336
39656637353935383132336163366135656531393530386235323431663730376335303263383339
36643136353337376636346236323334363235326666346531643564393031366666336637656465
33356634326563326535656137376435616133616262636465306237333932626562656132356264
37653064333338303238303338636230643234623030383361333433313330326666356534643861
32353436346265353230313330316538623466323264663736303464623465626334623538656263
35303562336462616535393632663063306534653332393766626334616233656430383335386465
63616430383965383734666539633263376130373730363231616531356439306163366166666433
32306664333263626262373632623738323830356533626561376562643430353335396564303638
37343437386335353562313732663766353734666333663338633134386632393933663833313233
64343234643632653331623663646666306330643936373234356334303331623137363864613564
32616461306466623836396238383736333638303337376235306464376531343836363730646639
39623730613332653938616338653462666432316631333962393033303563653832313131396264
61653664636137653033613530653464633864303632393435643339666165356334366561643763
30616434373263353530616430363235656436616263366431653631303663343233616136636463
62616230646261353163386531303961326338656435353937383066346335386333316361333738
32613765383332656336323863313333626133363962323838623932373031646430373639623639
34393734303166646330306566623437326535346562373537653863393035383262313738623565
66663433363962333539353137653666386363366331306563666432353163646266313962663832
61626663666130353936336132666431356666326332366532663439663565653733356462333335
61353539383736363962336465656564313136313336643134366364663564656561356336333866
66386639376132336237613835393239333531323666386135633234396136366533366533613866
66336432333030663166326164323136316631633638616537643637613463316539633531616462
65313538616131326635386234666334616431356162356638393130653737663733336239373435
64386466373061353664643265326261346138333163663634343437633732316634646637373134
30333064316632623130613364353336383964373732646231393035613434373762626261343435
35323630376337636463
